# Made in Blockbench 4.4.3
mtllib rengokusword.mtl

o bone14
v 0.06024590688566731 0.5499999976663432 0.022208894569082094
v 0.06024592870228293 0.6749999976663413 0.022208894569082094
v 0.055983417135276756 0.549999998410288 0.017637933933962274
v 0.055983438951892374 0.6749999984102861 0.017637933933962274
v 0.05796044838472306 0.6749999980652329 0.024340139444277403
v 0.05796042656810743 0.5499999980652348 0.024340139444277403
v 0.0536979586343325 0.6749999988091777 0.019769178809157583
v 0.05369793681771688 0.5499999988091796 0.019769178809157583
vt 0.828125 0.171875
vt 0.828125 0.171875
vt 0.828125 0.171875
vt 0.828125 0.171875
vt 0.796875 0.171875
vt 0.828125 0.171875
vt 0.828125 0.171875
vt 0.796875 0.171875
vt 0.859375 0.171875
vt 0.859375 0.171875
vt 0.859375 0.171875
vt 0.859375 0.171875
vt 0.828125 0.171875
vt 0.859375 0.171875
vt 0.859375 0.171875
vt 0.828125 0.171875
vt 0.828125 0.171875
vt 0.828125 0.171875
vt 0.828125 0.203125
vt 0.828125 0.203125
vt 0.828125 0.203125
vt 0.828125 0.203125
vt 0.828125 0.171875
vt 0.828125 0.171875
vn 1.7453292501886365e-7 0.9999999999999848 -1.5196619430178378e-16
vn 0.7313537016191595 -1.2764530071356618e-7 -0.6819983600624984
vn -1.7453292501886365e-7 -0.9999999999999848 1.5196619430178378e-16
vn -0.7313537016191595 1.2764530071356618e-7 0.6819983600624984
vn 0.6819983600624879 -1.1903116858997886e-7 0.7313537016191706
vn -0.6819983600624879 1.1903116858997886e-7 -0.7313537016191706
usemtl m_b442a5e2-c91b-8ef8-ce2a-5f0c1e7c2379
f 4/4/1 7/3/1 5/2/1 2/1/1
f 3/8/2 4/7/2 2/6/2 1/5/2
f 8/12/3 3/11/3 1/10/3 6/9/3
f 7/16/4 8/15/4 6/14/4 5/13/4
f 6/20/5 1/19/5 2/18/5 5/17/5
f 7/24/6 4/23/6 3/22/6 8/21/6
o bone14
v 0.05796065792950104 0.5499999980651944 0.024339764929744843
v 0.057960679746116656 0.6749999980651926 0.024339764929744843
v 0.0557718617966294 0.5499999984472115 0.01848556374694235
v 0.05577188361324502 0.6749999984472096 0.01848556374694235
v 0.055033579154715455 0.674999998576068 0.02543416299618068
v 0.05503355733809984 0.5499999985760698 0.02543416299618068
v 0.05284478302184382 0.674999998958085 0.019579961813378188
v 0.0528447612052282 0.5499999989580868 0.019579961813378188
vt 0.8125 0.109375
vt 0.8125 0.109375
vt 0.8125 0.109375
vt 0.8125 0.109375
vt 0.78125 0.109375
vt 0.8125 0.109375
vt 0.8125 0.109375
vt 0.78125 0.109375
vt 0.84375 0.109375
vt 0.84375 0.109375
vt 0.84375 0.109375
vt 0.84375 0.109375
vt 0.8125 0.109375
vt 0.84375 0.109375
vt 0.84375 0.109375
vt 0.8125 0.109375
vt 0.8125 0.109375
vt 0.8125 0.109375
vt 0.8125 0.140625
vt 0.8125 0.140625
vt 0.8125 0.140625
vt 0.8125 0.140625
vt 0.8125 0.109375
vt 0.8125 0.109375
vn 1.7453292501886367e-7 0.9999999999999849 -1.5196620091922873e-16
vn 0.9366721892483834 -1.6348013690495287e-7 -0.3502073812594676
vn -1.7453292501886367e-7 -0.9999999999999849 1.5196620091922873e-16
vn -0.9366721892483834 1.6348013690495287e-7 0.3502073812594676
vn 0.3502073812594622 -6.112271858884032e-8 0.9366721892483978
vn -0.3502073812594622 6.112271858884032e-8 -0.9366721892483978
usemtl m_b442a5e2-c91b-8ef8-ce2a-5f0c1e7c2379
f 12/28/7 15/27/7 13/26/7 10/25/7
f 11/32/8 12/31/8 10/30/8 9/29/8
f 16/36/9 11/35/9 9/34/9 14/33/9
f 15/40/10 16/39/10 14/38/10 13/37/10
f 14/44/11 9/43/11 10/42/11 13/41/11
f 15/48/12 12/47/12 11/46/12 16/45/12
o bone14
v 0.06154207995923139 0.5499999974401183 0.019364867463507185
v 0.061542101775847007 0.6749999974401164 0.019364867463507185
v 0.055854822016253074 0.5499999984327321 0.016773034696905685
v 0.05585484383286869 0.6749999984327302 0.016773034696905685
v 0.06024618539254628 0.6749999976662965 0.022208496434996384
v 0.06024616357593066 0.5499999976662984 0.022208496434996384
v 0.054558927449567966 0.6749999986589102 0.019616663668394888
v 0.05455890563295235 0.5499999986589121 0.019616663668394888
vt 0.859375 0.171875
vt 0.859375 0.171875
vt 0.859375 0.171875
vt 0.859375 0.171875
vt 0.890625 0.171875
vt 0.859375 0.171875
vt 0.859375 0.171875
vt 0.890625 0.171875
vt 0.890625 0.171875
vt 0.890625 0.171875
vt 0.890625 0.171875
vt 0.890625 0.171875
vt 0.859375 0.171875
vt 0.828125 0.171875
vt 0.828125 0.171875
vt 0.859375 0.171875
vt 0.859375 0.171875
vt 0.859375 0.171875
vt 0.859375 0.203125
vt 0.859375 0.203125
vt 0.859375 0.203125
vt 0.859375 0.203125
vt 0.859375 0.171875
vt 0.859375 0.171875
vn 1.7453292501886367e-7 0.9999999999999848 -1.5196620753667358e-16
vn 0.41469324265623286 -7.237762459607137e-8 -0.9099612708765433
vn -1.7453292501886367e-7 -0.9999999999999848 1.5196620753667358e-16
vn -0.41469324265623286 7.237762459607137e-8 0.9099612708765433
vn 0.9099612708765294 -1.5881820219352342e-7 0.4146932426562391
vn -0.9099612708765294 1.5881820219352342e-7 -0.4146932426562391
usemtl m_b442a5e2-c91b-8ef8-ce2a-5f0c1e7c2379
f 20/52/13 23/51/13 21/50/13 18/49/13
f 19/56/14 20/55/14 18/54/14 17/53/14
f 24/60/15 19/59/15 17/58/15 22/57/15
f 23/64/16 24/63/16 22/62/16 21/61/16
f 22/68/17 17/67/17 18/66/17 21/65/17
f 23/72/18 20/71/18 19/70/18 24/69/18
o bone14
v -0.05797241304690853 0.5500000182993323 0.013658508655929366
v -0.057972391230292915 0.6750000182993304 0.013658508655929366
v -0.06254337368202828 0.5500000190971155 0.01792099840631998
v -0.06254335186541266 0.6750000190971136 0.01792099840631998
v -0.05584114635509764 0.6750000179273581 0.015943988973489275
v -0.05584116817171326 0.55000001792736 0.015943988973489275
v -0.06041210699021738 0.6750000187251413 0.020206478723879893
v -0.060412128806833 0.5500000187251431 0.020206478723879893
vt 0.90625 0.109375
vt 0.90625 0.109375
vt 0.90625 0.109375
vt 0.90625 0.109375
vt 0.875 0.109375
vt 0.90625 0.109375
vt 0.90625 0.109375
vt 0.875 0.109375
vt 0.9375 0.109375
vt 0.9375 0.109375
vt 0.9375 0.109375
vt 0.9375 0.109375
vt 0.90625 0.109375
vt 0.9375 0.109375
vt 0.9375 0.109375
vt 0.90625 0.109375
vt 0.90625 0.109375
vt 0.90625 0.109375
vt 0.90625 0.140625
vt 0.90625 0.140625
vt 0.90625 0.140625
vt 0.90625 0.140625
vt 0.90625 0.109375
vt 0.90625 0.109375
vn 1.7453292501886365e-7 0.9999999999999848 -1.5196618106689397e-16
vn -0.681998360062488 1.1903116858997889e-7 -0.7313537016191705
vn -1.7453292501886365e-7 -0.9999999999999848 1.5196618106689397e-16
vn 0.681998360062488 -1.1903116858997889e-7 0.7313537016191705
vn 0.7313537016191594 -1.2764530071356616e-7 -0.6819983600624985
vn -0.7313537016191594 1.2764530071356616e-7 0.6819983600624985
usemtl m_b442a5e2-c91b-8ef8-ce2a-5f0c1e7c2379
f 28/76/19 31/75/19 29/74/19 26/73/19
f 27/80/20 28/79/20 26/78/20 25/77/20
f 32/84/21 27/83/21 25/82/21 30/81/21
f 31/88/22 32/87/22 30/86/22 29/85/22
f 30/92/23 25/91/23 26/90/23 29/89/23
f 31/96/24 28/95/24 27/94/24 32/93/24
o bone14
v -0.057783798858210576 0.5500000182664131 0.012804686611988357
v -0.05778377704159496 0.6750000182664111 0.012804686611988357
v -0.06363800004101297 0.5500000192881639 0.014993482744860029
v -0.06363797822439736 0.675000019288162 0.014993482744860029
v -0.05668937897515914 0.6750000180754027 0.0157317872033896
v -0.05668940079177476 0.5500000180754046 0.0157317872033896
v -0.06254358015796153 0.6750000190971535 0.017920583336261273
v -0.06254360197457716 0.5500000190971555 0.017920583336261273
vt 0.84375 0.125
vt 0.84375 0.125
vt 0.84375 0.125
vt 0.84375 0.125
vt 0.8125 0.125
vt 0.84375 0.125
vt 0.84375 0.125
vt 0.8125 0.125
vt 0.875 0.125
vt 0.875 0.125
vt 0.875 0.125
vt 0.875 0.125
vt 0.84375 0.125
vt 0.875 0.125
vt 0.875 0.125
vt 0.84375 0.125
vt 0.84375 0.125
vt 0.84375 0.125
vt 0.84375 0.15625
vt 0.84375 0.15625
vt 0.84375 0.15625
vt 0.84375 0.15625
vt 0.84375 0.125
vt 0.84375 0.125
vn 1.7453292501886365e-7 0.9999999999999849 -1.5196619430178378e-16
vn -0.350207381259462 6.112271858884029e-8 -0.9366721892483977
vn -1.7453292501886365e-7 -0.9999999999999849 1.5196619430178378e-16
vn 0.350207381259462 -6.112271858884029e-8 0.9366721892483977
vn 0.9366721892483835 -1.634801369049529e-7 -0.3502073812594675
vn -0.9366721892483835 1.634801369049529e-7 0.3502073812594675
usemtl m_b442a5e2-c91b-8ef8-ce2a-5f0c1e7c2379
f 36/100/25 39/99/25 37/98/25 34/97/25
f 35/104/26 36/103/26 34/102/26 33/101/26
f 40/108/27 35/107/27 33/106/27 38/105/27
f 39/112/28 40/111/28 38/110/28 37/109/28
f 38/116/29 33/115/29 34/114/29 37/113/29
f 39/120/30 36/119/30 35/118/30 40/117/30
o bone14
v -0.05782050071322728 0.5500000182728187 0.014518831039712528
v -0.05782047889661166 0.6750000182728169 0.014518831039712528
v -0.06041233347982874 0.5500000187251789 0.020206088982690922
v -0.06041231166321312 0.675000018725177 0.020206088982690922
v -0.05497684992512251 0.67500001777651 0.015814747423013278
v -0.054976871741738126 0.5500000177765119 0.015814747423013278
v -0.05756868269172396 0.6750000182288701 0.021502005365991672
v -0.05756870450833958 0.550000018228872 0.021502005365991672
vt 0.921875 0.09375
vt 0.921875 0.09375
vt 0.921875 0.09375
vt 0.921875 0.09375
vt 0.890625 0.09375
vt 0.921875 0.09375
vt 0.921875 0.09375
vt 0.890625 0.09375
vt 0.953125 0.09375
vt 0.953125 0.09375
vt 0.953125 0.09375
vt 0.953125 0.09375
vt 0.921875 0.09375
vt 0.953125 0.09375
vt 0.953125 0.09375
vt 0.921875 0.09375
vt 0.921875 0.09375
vt 0.921875 0.09375
vt 0.921875 0.125
vt 0.921875 0.125
vt 0.921875 0.125
vt 0.921875 0.125
vt 0.921875 0.09375
vt 0.921875 0.09375
vn 1.745329250188637e-7 0.9999999999999849 -1.5196620753667363e-16
vn -0.9099612708765293 1.588182021935234e-7 -0.4146932426562392
vn -1.745329250188637e-7 -0.9999999999999849 1.5196620753667363e-16
vn 0.9099612708765293 -1.588182021935234e-7 0.4146932426562392
vn 0.4146932426562329 -7.237762459607138e-8 -0.9099612708765432
vn -0.4146932426562329 7.237762459607138e-8 0.9099612708765432
usemtl m_b442a5e2-c91b-8ef8-ce2a-5f0c1e7c2379
f 44/124/31 47/123/31 45/122/31 42/121/31
f 43/128/32 44/127/32 42/126/32 41/125/32
f 48/132/33 43/131/33 41/130/33 46/129/33
f 47/136/34 48/135/34 46/134/34 45/133/34
f 46/140/35 41/139/35 42/138/35 45/137/35
f 47/144/36 44/143/36 43/142/36 48/141/36
o bone14
v 0.06176012930807787 0.5499999974020615 0.01311884841340269
v 0.061760151124693484 0.6749999974020596 0.01311884841340269
v 0.05551393663920861 0.5499999984922278 0.01290072655901206
v 0.05551395845582422 0.6749999984922259 0.01290072655901206
v 0.061542029270302855 0.6749999974401291 0.01936504108227205
v 0.06154200745368724 0.549999997440131 0.01936504108227205
v 0.05529583660143359 0.6749999985302954 0.01914691922788142
v 0.05529581478481798 0.5499999985302972 0.01914691922788142
vt 0.921875 0.09375
vt 0.921875 0.09375
vt 0.921875 0.09375
vt 0.921875 0.09375
vt 0.890625 0.09375
vt 0.921875 0.09375
vt 0.921875 0.09375
vt 0.890625 0.09375
vt 0.953125 0.09375
vt 0.953125 0.09375
vt 0.953125 0.09375
vt 0.953125 0.09375
vt 0.921875 0.09375
vt 0.953125 0.09375
vt 0.953125 0.09375
vt 0.921875 0.09375
vt 0.921875 0.09375
vt 0.921875 0.09375
vt 0.921875 0.125
vt 0.921875 0.125
vt 0.921875 0.125
vt 0.921875 0.125
vt 0.921875 0.09375
vt 0.921875 0.09375
vn 1.7453292501886367e-7 0.9999999999999849 -1.5196620340077051e-16
vn 0.03489949670250055 -6.091111238625461e-9 -0.9993908270190958
vn -1.7453292501886367e-7 -0.9999999999999849 1.5196620340077051e-16
vn -0.03489949670250055 6.091111238625461e-9 0.9993908270190958
vn 0.9993908270190806 -1.744266042036919e-7 0.03489949670250089
vn -0.9993908270190806 1.744266042036919e-7 -0.03489949670250089
usemtl m_b442a5e2-c91b-8ef8-ce2a-5f0c1e7c2379
f 52/148/37 55/147/37 53/146/37 50/145/37
f 51/152/38 52/151/38 50/150/38 49/149/38
f 56/156/39 51/155/39 49/154/39 54/153/39
f 55/160/40 56/159/40 54/158/40 53/157/40
f 54/164/41 49/163/41 50/162/41 53/161/41
f 55/168/42 52/167/42 51/166/42 56/165/42
o bone14
v -0.05717362529986161 0.5500000181599176 0.00896559018395067
v -0.057173603483245995 0.6750000181599157 0.00896559018395067
v -0.06341981796873088 0.5500000192500839 0.00874746832956004
v -0.06341979615211525 0.675000019250082 0.00874746832956004
v -0.057391725337636625 0.6750000181979852 0.015211782852820016
v -0.05739174715425224 0.550000018197987 0.015211782852820016
v -0.06363791800650588 0.6750000192881515 0.014993660998429387
v -0.06363793982312149 0.5500000192881533 0.014993660998429387
vt 0.921875 0.09375
vt 0.921875 0.09375
vt 0.921875 0.09375
vt 0.921875 0.09375
vt 0.890625 0.09375
vt 0.921875 0.09375
vt 0.921875 0.09375
vt 0.890625 0.09375
vt 0.953125 0.09375
vt 0.953125 0.09375
vt 0.953125 0.09375
vt 0.953125 0.09375
vt 0.921875 0.09375
vt 0.953125 0.09375
vt 0.953125 0.09375
vt 0.921875 0.09375
vt 0.921875 0.09375
vt 0.921875 0.09375
vt 0.921875 0.125
vt 0.921875 0.125
vt 0.921875 0.125
vt 0.921875 0.125
vt 0.921875 0.09375
vt 0.921875 0.09375
vn 1.7453292501886367e-7 0.9999999999999849 -1.5196620340077051e-16
vn 0.03489949670250055 -6.091111238625461e-9 -0.9993908270190958
vn -1.7453292501886367e-7 -0.9999999999999849 1.5196620340077051e-16
vn -0.03489949670250055 6.091111238625461e-9 0.9993908270190958
vn 0.9993908270190806 -1.744266042036919e-7 0.03489949670250089
vn -0.9993908270190806 1.744266042036919e-7 -0.03489949670250089
usemtl m_b442a5e2-c91b-8ef8-ce2a-5f0c1e7c2379
f 60/172/43 63/171/43 61/170/43 58/169/43
f 59/176/44 60/175/44 58/174/44 57/173/44
f 64/180/45 59/179/45 57/178/45 62/177/45
f 63/184/46 64/183/46 62/182/46 61/181/46
f 62/188/47 57/187/47 58/186/47 61/185/47
f 63/192/48 60/191/48 59/190/48 64/189/48
o bone14
v 0.05508071176693279 0.5499999985678399 0.019181933570609544
v 0.055080733583548404 0.674999998567838 0.019181933570609544
v -0.057350756272713785 0.5500000181908328 0.015255740191578174
v -0.057350734456098174 0.6750000181908309 0.015255740191578174
v 0.05486261172915779 0.6749999986059074 0.025428126239478904
v 0.05486258991254218 0.5499999986059093 0.025428126239478904
v -0.057568856310488796 0.6750000182289003 0.02150193286044752
v -0.057568878127104414 0.5500000182289022 0.02150193286044752
vt 0.859375 0.15625
vt 0.859375 0.15625
vt 0.859375 0.140625
vt 0.859375 0.140625
vt 0.828125 0.15625
vt 0.859375 0.15625
vt 0.859375 0.140625
vt 0.828125 0.140625
vt 0.890625 0.15625
vt 0.890625 0.15625
vt 0.890625 0.140625
vt 0.890625 0.140625
vt 0.859375 0.15625
vt 0.890625 0.15625
vt 0.890625 0.140625
vt 0.859375 0.140625
vt 0.859375 0.15625
vt 0.859375 0.15625
vt 0.859375 0.1875
vt 0.859375 0.1875
vt 0.859375 0.1875
vt 0.859375 0.1875
vt 0.859375 0.15625
vt 0.859375 0.15625
vn 1.7453292501886367e-7 0.9999999999999849 -1.5196620340077051e-16
vn 0.03489949670250055 -6.091111238625461e-9 -0.9993908270190958
vn -1.7453292501886367e-7 -0.9999999999999849 1.5196620340077051e-16
vn -0.03489949670250055 6.091111238625461e-9 0.9993908270190958
vn 0.9993908270190806 -1.744266042036919e-7 0.03489949670250089
vn -0.9993908270190806 1.744266042036919e-7 -0.03489949670250089
usemtl m_b442a5e2-c91b-8ef8-ce2a-5f0c1e7c2379
f 68/196/49 71/195/49 69/194/49 66/193/49
f 67/200/50 68/199/50 66/198/50 65/197/50
f 72/204/51 67/203/51 65/202/51 70/201/51
f 71/208/52 72/207/52 70/206/52 69/205/52
f 70/212/53 65/211/53 66/210/53 69/209/53
f 71/216/54 68/215/54 67/214/54 72/213/54
o bone14
v 0.055519921932933765 0.5499999984911832 0.0066046000125742355
v 0.055519943749549376 0.6749999984911813 0.0066046000125742355
v -0.05691154610671282 0.5500000181141762 0.0026784066335428652
v -0.0569115242900972 0.6750000181141743 0.0026784066335428652
v 0.05530182189515875 0.6749999985292507 0.012850792681443582
v 0.055301800078543135 0.5499999985292526 0.012850792681443582
v -0.05712964614448783 0.6750000181522438 0.008924599302412212
v -0.05712966796110345 0.5500000181522456 0.008924599302412212
vt 0.765625 0.078125
vt 0.765625 0.078125
vt 0.765625 0.0625
vt 0.765625 0.0625
vt 0.734375 0.078125
vt 0.765625 0.078125
vt 0.765625 0.0625
vt 0.734375 0.0625
vt 0.796875 0.078125
vt 0.796875 0.078125
vt 0.796875 0.0625
vt 0.796875 0.0625
vt 0.765625 0.078125
vt 0.796875 0.078125
vt 0.796875 0.0625
vt 0.765625 0.0625
vt 0.765625 0.078125
vt 0.765625 0.078125
vt 0.765625 0.109375
vt 0.765625 0.109375
vt 0.765625 0.109375
vt 0.765625 0.109375
vt 0.765625 0.078125
vt 0.765625 0.078125
vn 1.7453292501886367e-7 0.9999999999999849 -1.5196620340077051e-16
vn 0.03489949670250055 -6.091111238625461e-9 -0.9993908270190958
vn -1.7453292501886367e-7 -0.9999999999999849 1.5196620340077051e-16
vn -0.03489949670250055 6.091111238625461e-9 0.9993908270190958
vn 0.9993908270190806 -1.744266042036919e-7 0.03489949670250089
vn -0.9993908270190806 1.744266042036919e-7 -0.03489949670250089
usemtl m_b442a5e2-c91b-8ef8-ce2a-5f0c1e7c2379
f 76/220/55 79/219/55 77/218/55 74/217/55
f 75/224/56 76/223/56 74/222/56 73/221/56
f 80/228/57 75/227/57 73/226/57 78/225/57
f 79/232/58 80/231/58 78/230/58 77/229/58
f 78/236/59 73/235/59 74/234/59 77/233/59
f 79/240/60 76/239/60 75/238/60 80/237/60
o bone14
v -0.055575747332760515 0.5500000178810353 0.008343330602674458
v -0.0555757255161449 0.6750000178810334 0.008343330602674458
v -0.059838237083151065 0.55000001862498 0.0037723699675546426
v -0.05983821526653545 0.6750000186249782 0.0037723699675546426
v -0.05786120583370477 0.675000018279925 0.010474575477869768
v -0.05786122765032039 0.5500000182799268 0.010474575477869768
v -0.06212369558409532 0.6750000190238697 0.005903614842749952
v -0.062123717400710946 0.5500000190238716 0.005903614842749952
vt 0.90625 0.125
vt 0.90625 0.125
vt 0.90625 0.125
vt 0.90625 0.125
vt 0.875 0.125
vt 0.90625 0.125
vt 0.90625 0.125
vt 0.875 0.125
vt 0.9375 0.125
vt 0.9375 0.125
vt 0.9375 0.125
vt 0.9375 0.125
vt 0.90625 0.125
vt 0.9375 0.125
vt 0.9375 0.125
vt 0.90625 0.125
vt 0.90625 0.125
vt 0.90625 0.125
vt 0.90625 0.15625
vt 0.90625 0.15625
vt 0.90625 0.15625
vt 0.90625 0.15625
vt 0.90625 0.125
vt 0.90625 0.125
vn 1.7453292501886365e-7 0.9999999999999848 -1.5196619430178378e-16
vn 0.7313537016191595 -1.2764530071356618e-7 -0.6819983600624984
vn -1.7453292501886365e-7 -0.9999999999999848 1.5196619430178378e-16
vn -0.7313537016191595 1.2764530071356618e-7 0.6819983600624984
vn 0.6819983600624879 -1.1903116858997886e-7 0.7313537016191706
vn -0.6819983600624879 1.1903116858997886e-7 -0.7313537016191706
usemtl m_b442a5e2-c91b-8ef8-ce2a-5f0c1e7c2379
f 84/244/61 87/243/61 85/242/61 82/241/61
f 83/248/62 84/247/62 82/246/62 81/245/62
f 88/252/63 83/251/63 81/250/63 86/249/63
f 87/256/64 88/255/64 86/254/64 85/253/64
f 86/260/65 81/259/65 82/258/65 85/257/65
f 87/264/66 84/263/66 83/262/66 88/261/66
o bone14
v -0.05472257172027185 0.550000017732128 0.008532547598453857
v -0.05472254990365623 0.6750000177321263 0.008532547598453857
v -0.056911367853143484 0.5500000181141451 0.0026783464156513717
v -0.056911346036527866 0.6750000181141432 0.0026783464156513717
v -0.05764965049505743 0.6750000182430016 0.009626945664889693
v -0.05764967231167305 0.5500000182430035 0.009626945664889693
v -0.059838446627929066 0.6750000186250187 0.0037727444820872084
v -0.059838468444544685 0.5500000186250205 0.0037727444820872084
vt 0.9375 0.078125
vt 0.9375 0.078125
vt 0.9375 0.078125
vt 0.9375 0.078125
vt 0.90625 0.078125
vt 0.9375 0.078125
vt 0.9375 0.078125
vt 0.90625 0.078125
vt 0.96875 0.078125
vt 0.96875 0.078125
vt 0.96875 0.078125
vt 0.96875 0.078125
vt 0.9375 0.078125
vt 0.96875 0.078125
vt 0.96875 0.078125
vt 0.9375 0.078125
vt 0.9375 0.078125
vt 0.9375 0.078125
vt 0.9375 0.109375
vt 0.9375 0.109375
vt 0.9375 0.109375
vt 0.9375 0.109375
vt 0.9375 0.078125
vt 0.9375 0.078125
vn 1.7453292501886367e-7 0.9999999999999849 -1.5196620091922873e-16
vn 0.9366721892483834 -1.6348013690495287e-7 -0.3502073812594676
vn -1.7453292501886367e-7 -0.9999999999999849 1.5196620091922873e-16
vn -0.9366721892483834 1.6348013690495287e-7 0.3502073812594676
vn 0.3502073812594622 -6.112271858884032e-8 0.9366721892483978
vn -0.3502073812594622 6.112271858884032e-8 -0.9366721892483978
usemtl m_b442a5e2-c91b-8ef8-ce2a-5f0c1e7c2379
f 92/268/67 95/267/67 93/266/67 90/265/67
f 91/272/68 92/271/68 90/270/68 89/269/68
f 96/276/69 91/275/69 89/274/69 94/273/69
f 95/280/70 96/279/70 94/278/70 93/277/70
f 94/284/71 89/283/71 90/282/71 93/281/71
f 95/288/72 92/287/72 91/286/72 96/285/72
o bone14
v -0.05695562343685689 -0.13749998187814144 0.0027193975150812955
v -0.056955503445470984 0.5500000181218482 0.0027193975150812955
v -0.06320181610572614 -0.13749998078797515 0.002501275660690666
v -0.06320169611434025 0.5500000192120145 0.002501275660690666
v -0.05760986900864287 0.5500000182360565 0.02145797552168935
v -0.05760998900002877 -0.13749998176393308 0.02145797552168935
v -0.06385606167751212 0.5500000193262228 0.02123985366729872
v -0.06385618166889802 -0.1374999806737668 0.02123985366729872
vt 0.25 0.21875
vt 0.25 0.21875
vt 0.25 0.21875
vt 0.25 0.21875
vt 0.078125 0.21875
vt 0.25 0.21875
vt 0.25 0.21875
vt 0.078125 0.21875
vt 0.421875 0.21875
vt 0.421875 0.21875
vt 0.421875 0.21875
vt 0.421875 0.21875
vt 0.25 0.21875
vt 0.421875 0.21875
vt 0.421875 0.21875
vt 0.25 0.21875
vt 0.25 0.21875
vt 0.25 0.21875
vt 0.25 0.390625
vt 0.25 0.390625
vt 0.25 0.390625
vt 0.25 0.390625
vt 0.25 0.21875
vt 0.25 0.21875
vn 1.7453292501886367e-7 0.9999999999999849 -1.5196620340077051e-16
vn 0.03489949670250055 -6.091111238625461e-9 -0.9993908270190958
vn -1.7453292501886367e-7 -0.9999999999999849 1.5196620340077051e-16
vn -0.03489949670250055 6.091111238625461e-9 0.9993908270190958
vn 0.9993908270190806 -1.744266042036919e-7 0.03489949670250089
vn -0.9993908270190806 1.744266042036919e-7 -0.03489949670250089
usemtl m_b442a5e2-c91b-8ef8-ce2a-5f0c1e7c2379
f 100/292/73 103/291/73 101/290/73 98/289/73
f 99/296/74 100/295/74 98/294/74 97/293/74
f 104/300/75 99/299/75 97/298/75 102/297/75
f 103/304/76 104/303/76 102/302/76 101/301/76
f 102/308/77 97/307/77 98/306/77 101/305/77
f 103/312/78 100/311/78 99/310/78 104/309/78
o bone14
v -0.058001941683753985 -0.13749998169552446 0.0190510107384989
v -0.05800182169236808 0.5500000183044652 0.0190510107384989
v -0.06385614286655639 -0.13749998067377356 0.021239806871370573
v -0.06385602287517048 0.550000019326216 0.021239806871370573
v -0.054718627493060626 0.5500000177314397 0.02783231251270263
v -0.05471874748444653 -0.13749998226854998 0.02783231251270263
v -0.06057282867586303 0.5500000187531906 0.0300211086455743
v -0.060572948667248924 -0.13749998124679907 0.0300211086455743
vt 0.28125 0.171875
vt 0.28125 0.171875
vt 0.28125 0.171875
vt 0.28125 0.171875
vt 0.109375 0.171875
vt 0.28125 0.171875
vt 0.28125 0.171875
vt 0.109375 0.171875
vt 0.453125 0.171875
vt 0.453125 0.171875
vt 0.453125 0.171875
vt 0.453125 0.171875
vt 0.28125 0.171875
vt 0.453125 0.171875
vt 0.453125 0.171875
vt 0.28125 0.171875
vt 0.28125 0.171875
vt 0.28125 0.171875
vt 0.28125 0.34375
vt 0.28125 0.34375
vt 0.28125 0.34375
vt 0.28125 0.34375
vt 0.28125 0.171875
vt 0.28125 0.171875
vn 1.7453292501886365e-7 0.9999999999999849 -1.5196619430178378e-16
vn -0.350207381259462 6.112271858884029e-8 -0.9366721892483977
vn -1.7453292501886365e-7 -0.9999999999999849 1.5196619430178378e-16
vn 0.350207381259462 -6.112271858884029e-8 0.9366721892483977
vn 0.9366721892483835 -1.634801369049529e-7 -0.3502073812594675
vn -0.9366721892483835 1.634801369049529e-7 0.3502073812594675
usemtl m_b442a5e2-c91b-8ef8-ce2a-5f0c1e7c2379
f 108/316/79 111/315/79 109/314/79 106/313/79
f 107/320/80 108/319/80 106/318/80 105/317/80
f 112/324/81 107/323/81 105/322/81 110/321/81
f 111/328/82 112/327/82 110/326/82 109/325/82
f 110/332/83 105/331/83 106/330/83 109/329/83
f 111/336/84 108/335/84 107/334/84 112/333/84
o bone14
v -0.056001994649407326 -0.13749998204458114 0.02575878205529424
v -0.05600187465802142 0.5500000179554085 0.02575878205529424
v -0.060572955284527066 -0.13749998124679796 0.03002127180568485
v -0.06057283529314116 0.5500000187531917 0.03002127180568485
v -0.0496081400324356 0.5500000168394913 0.032615223007973954
v -0.0496082600238215 -0.13749998316049827 0.032615223007973954
v -0.05417910066755534 0.5500000176372745 0.03687771275836457
v -0.05417922065894124 -0.1374999823627152 0.03687771275836457
vt 0.234375 0.296875
vt 0.234375 0.296875
vt 0.234375 0.296875
vt 0.234375 0.296875
vt 0.0625 0.296875
vt 0.234375 0.296875
vt 0.234375 0.296875
vt 0.0625 0.296875
vt 0.40625 0.296875
vt 0.40625 0.296875
vt 0.40625 0.296875
vt 0.40625 0.296875
vt 0.234375 0.296875
vt 0.40625 0.296875
vt 0.40625 0.296875
vt 0.234375 0.296875
vt 0.234375 0.296875
vt 0.234375 0.296875
vt 0.234375 0.46875
vt 0.234375 0.46875
vt 0.234375 0.46875
vt 0.234375 0.46875
vt 0.234375 0.296875
vt 0.234375 0.296875
vn 1.7453292501886365e-7 0.9999999999999848 -1.5196618106689397e-16
vn -0.681998360062488 1.1903116858997889e-7 -0.7313537016191705
vn -1.7453292501886365e-7 -0.9999999999999848 1.5196618106689397e-16
vn 0.681998360062488 -1.1903116858997889e-7 0.7313537016191705
vn 0.7313537016191594 -1.2764530071356616e-7 -0.6819983600624985
vn -0.7313537016191594 1.2764530071356616e-7 0.6819983600624985
usemtl m_b442a5e2-c91b-8ef8-ce2a-5f0c1e7c2379
f 116/340/85 119/339/85 117/338/85 114/337/85
f 115/344/86 116/343/86 114/342/86 113/341/86
f 120/348/87 115/347/87 113/346/87 118/345/87
f 119/352/88 120/351/88 118/350/88 117/349/88
f 118/356/89 113/355/89 114/354/89 117/353/89
f 119/360/90 116/359/90 115/358/90 120/357/90
o bone14
v -0.05158731098985064 -0.13749998281508868 0.031190594469910564
v -0.05158719099846474 0.550000017184901 0.031190594469910564
v -0.054179143756452094 -0.13749998236272853 0.036877852412888955
v -0.05417902376506619 0.5500000176372611 0.036877852412888955
v -0.04305630408399728 0.5500000156959803 0.0350783436198128
v -0.04305642407538318 -0.13749998430400934 0.0350783436198128
v -0.04564813685059873 0.5500000161483405 0.040765601562791194
v -0.04564825684198463 -0.1374999838516492 0.040765601562791194
vt 0.265625 0.265625
vt 0.265625 0.265625
vt 0.265625 0.265625
vt 0.265625 0.265625
vt 0.09375 0.265625
vt 0.265625 0.265625
vt 0.265625 0.265625
vt 0.09375 0.265625
vt 0.4375 0.265625
vt 0.4375 0.265625
vt 0.4375 0.265625
vt 0.4375 0.265625
vt 0.265625 0.265625
vt 0.4375 0.265625
vt 0.4375 0.265625
vt 0.265625 0.265625
vt 0.265625 0.265625
vt 0.265625 0.265625
vt 0.265625 0.4375
vt 0.265625 0.4375
vt 0.265625 0.4375
vt 0.265625 0.4375
vt 0.265625 0.265625
vt 0.265625 0.265625
vn 1.745329250188637e-7 0.9999999999999849 -1.5196620753667363e-16
vn -0.9099612708765293 1.588182021935234e-7 -0.4146932426562392
vn -1.745329250188637e-7 -0.9999999999999849 1.5196620753667363e-16
vn 0.9099612708765293 -1.588182021935234e-7 0.4146932426562392
vn 0.4146932426562329 -7.237762459607138e-8 -0.9099612708765432
vn -0.4146932426562329 7.237762459607138e-8 0.9099612708765432
usemtl m_b442a5e2-c91b-8ef8-ce2a-5f0c1e7c2379
f 124/364/91 127/363/91 125/362/91 122/361/91
f 123/368/92 124/367/92 122/366/92 121/365/92
f 128/372/93 123/371/93 121/370/93 126/369/93
f 127/376/94 128/375/94 126/374/94 125/373/94
f 126/380/95 121/379/95 122/378/95 125/377/95
f 127/384/96 124/383/96 123/382/96 128/381/96
o bone14
v 0.05032335492512221 -0.1375000006018553 0.040527160080659944
v 0.05032347491650811 0.5499999993981344 0.040527160080659944
v 0.048134558792250565 -0.13750000021983833 0.03467295889785745
v 0.04813467878363647 0.5499999997801513 0.03467295889785745
v 0.041542173142304524 0.5500000009307606 0.04381035427996745
v 0.04154205315091862 -0.13749999906922905 0.04381035427996745
v 0.03935337700943288 0.5500000013127776 0.03795615309716496
v 0.039353257018046976 -0.13749999868721208 0.03795615309716496
vt 0.296875 0.234375
vt 0.296875 0.234375
vt 0.296875 0.234375
vt 0.296875 0.234375
vt 0.125 0.234375
vt 0.296875 0.234375
vt 0.296875 0.234375
vt 0.125 0.234375
vt 0.46875 0.234375
vt 0.46875 0.234375
vt 0.46875 0.234375
vt 0.46875 0.234375
vt 0.296875 0.234375
vt 0.46875 0.234375
vt 0.46875 0.234375
vt 0.296875 0.234375
vt 0.296875 0.234375
vt 0.296875 0.234375
vt 0.296875 0.40625
vt 0.296875 0.40625
vt 0.296875 0.40625
vt 0.296875 0.40625
vt 0.296875 0.234375
vt 0.296875 0.234375
vn 1.7453292501886367e-7 0.9999999999999849 -1.5196620091922873e-16
vn 0.9366721892483834 -1.6348013690495287e-7 -0.3502073812594676
vn -1.7453292501886367e-7 -0.9999999999999849 1.5196620091922873e-16
vn -0.9366721892483834 1.6348013690495287e-7 0.3502073812594676
vn 0.3502073812594622 -6.112271858884032e-8 0.9366721892483978
vn -0.3502073812594622 6.112271858884032e-8 -0.9366721892483978
usemtl m_b442a5e2-c91b-8ef8-ce2a-5f0c1e7c2379
f 132/388/97 135/387/97 133/386/97 130/385/97
f 131/392/98 132/391/98 130/390/98 129/389/98
f 136/396/99 131/395/99 129/394/99 134/393/99
f 135/400/100 136/399/100 134/398/100 133/397/100
f 134/404/101 129/403/101 130/402/101 133/401/101
f 135/408/102 132/407/102 131/406/102 136/405/102
o bone14
v 0.06106763626498492 -0.13750000247708627 0.025602241366461217
v 0.061067756256370814 0.5499999975229034 0.025602241366461217
v 0.0553803783220066 -0.1375000014844725 0.02301040859985972
v 0.0553804983133925 0.5499999985155172 0.02301040859985972
v 0.05718000710646864 0.5499999982014436 0.03413312828092881
v 0.057179887115082734 -0.13750000179854593 0.03413312828092881
v 0.05149274916349032 0.5499999991940574 0.03154129551432731
v 0.051492629172104426 -0.13750000080593228 0.03154129551432731
vt 0.328125 0.21875
vt 0.328125 0.21875
vt 0.328125 0.21875
vt 0.328125 0.21875
vt 0.15625 0.21875
vt 0.328125 0.21875
vt 0.328125 0.21875
vt 0.15625 0.21875
vt 0.5 0.21875
vt 0.5 0.21875
vt 0.5 0.21875
vt 0.5 0.21875
vt 0.328125 0.21875
vt 0.5 0.21875
vt 0.5 0.21875
vt 0.328125 0.21875
vt 0.328125 0.21875
vt 0.328125 0.21875
vt 0.328125 0.390625
vt 0.328125 0.390625
vt 0.328125 0.390625
vt 0.328125 0.390625
vt 0.328125 0.21875
vt 0.328125 0.21875
vn 1.7453292501886367e-7 0.9999999999999848 -1.5196620753667358e-16
vn 0.41469324265623286 -7.237762459607137e-8 -0.9099612708765433
vn -1.7453292501886367e-7 -0.9999999999999848 1.5196620753667358e-16
vn -0.41469324265623286 7.237762459607137e-8 0.9099612708765433
vn 0.9099612708765294 -1.5881820219352342e-7 0.4146932426562391
vn -0.9099612708765294 1.5881820219352342e-7 -0.4146932426562391
usemtl m_b442a5e2-c91b-8ef8-ce2a-5f0c1e7c2379
f 140/412/103 143/411/103 141/410/103 138/409/103
f 139/416/104 140/415/104 138/414/104 137/413/104
f 144/420/105 139/419/105 137/418/105 142/417/105
f 143/424/106 144/423/106 142/422/106 141/421/106
f 142/428/107 137/427/107 138/426/107 141/425/107
f 143/432/108 140/431/108 139/430/108 144/429/108
o bone14
v 0.057179882334767514 -0.13750000179854516 0.03413329150518753
v 0.05718000232615342 0.5499999982014445 0.03413329150518753
v 0.05291739258437696 -0.13750000105460036 0.029562330870067703
v 0.05291751257576286 0.5499999989453893 0.029562330870067703
v 0.0503235613734738 0.5499999993981192 0.04052702613077344
v 0.0503234413820879 -0.1375000006018704 0.04052702613077344
v 0.04606107162308325 0.550000000142064 0.03595606549565362
v 0.04606095163169734 -0.1374999998579256 0.03595606549565362
vt 0.34375 0.203125
vt 0.34375 0.203125
vt 0.34375 0.203125
vt 0.34375 0.203125
vt 0.171875 0.203125
vt 0.34375 0.203125
vt 0.34375 0.203125
vt 0.171875 0.203125
vt 0.515625 0.203125
vt 0.515625 0.203125
vt 0.515625 0.203125
vt 0.515625 0.203125
vt 0.34375 0.203125
vt 0.515625 0.203125
vt 0.515625 0.203125
vt 0.34375 0.203125
vt 0.34375 0.203125
vt 0.34375 0.203125
vt 0.34375 0.375
vt 0.34375 0.375
vt 0.34375 0.375
vt 0.34375 0.375
vt 0.34375 0.203125
vt 0.34375 0.203125
vn 1.7453292501886365e-7 0.9999999999999848 -1.5196619430178378e-16
vn 0.7313537016191595 -1.2764530071356618e-7 -0.6819983600624984
vn -1.7453292501886365e-7 -0.9999999999999848 1.5196619430178378e-16
vn -0.7313537016191595 1.2764530071356618e-7 0.6819983600624984
vn 0.6819983600624879 -1.1903116858997886e-7 0.7313537016191706
vn -0.6819983600624879 1.1903116858997886e-7 -0.7313537016191706
usemtl m_b442a5e2-c91b-8ef8-ce2a-5f0c1e7c2379
f 148/436/109 151/435/109 149/434/109 146/433/109
f 147/440/110 148/439/110 146/438/110 145/437/110
f 152/444/111 147/443/111 145/442/111 150/441/111
f 151/448/112 152/447/112 150/446/112 149/445/112
f 150/452/113 145/451/113 146/450/113 149/449/113
f 151/456/114 148/455/114 147/454/114 152/453/114
o bone14
v -0.05362677356934349 -0.1374999824591353 -0.003437729098525289
v -0.053626653577957595 0.5500000175408543 -0.003437729098525289
v -0.059314031512321806 -0.13749998146652165 -0.006029561865126785
v -0.0593139115209359 0.550000018533468 -0.006029561865126785
v -0.05751440272785977 0.5500000182193945 0.005093157815942297
v -0.057514522719245675 -0.13749998178059508 0.005093157815942297
v -0.06320166067083809 0.5500000192120083 0.0025013250493408027
v -0.06320178066222398 -0.1374999807879813 0.0025013250493408027
vt 0.375 0.1875
vt 0.375 0.1875
vt 0.375 0.1875
vt 0.375 0.1875
vt 0.203125 0.1875
vt 0.375 0.1875
vt 0.375 0.1875
vt 0.203125 0.1875
vt 0.546875 0.1875
vt 0.546875 0.1875
vt 0.546875 0.1875
vt 0.546875 0.1875
vt 0.375 0.1875
vt 0.546875 0.1875
vt 0.546875 0.1875
vt 0.375 0.1875
vt 0.375 0.1875
vt 0.375 0.1875
vt 0.375 0.359375
vt 0.375 0.359375
vt 0.375 0.359375
vt 0.375 0.359375
vt 0.375 0.1875
vt 0.375 0.1875
vn 1.7453292501886367e-7 0.9999999999999848 -1.5196620753667358e-16
vn 0.41469324265623286 -7.237762459607137e-8 -0.9099612708765433
vn -1.7453292501886367e-7 -0.9999999999999848 1.5196620753667358e-16
vn -0.41469324265623286 7.237762459607137e-8 0.9099612708765433
vn 0.9099612708765294 -1.5881820219352342e-7 0.4146932426562391
vn -0.9099612708765294 1.5881820219352342e-7 -0.4146932426562391
usemtl m_b442a5e2-c91b-8ef8-ce2a-5f0c1e7c2379
f 156/460/115 159/459/115 157/458/115 154/457/115
f 155/464/116 156/463/116 154/462/116 153/461/116
f 160/468/117 155/467/117 153/466/117 158/465/117
f 159/472/118 160/471/118 158/470/118 157/469/118
f 158/476/119 153/475/119 154/474/119 157/473/119
f 159/480/120 156/479/120 155/478/120 160/477/120
o bone14
v -0.04819509602893645 -0.13749998340714198 -0.007852499079851583
v -0.048194976037550546 0.5500000165928477 -0.007852499079851583
v -0.052457585779327 -0.13749998266319718 -0.0124234597149714
v -0.052457465787941096 0.5500000173367925 -0.0124234597149714
v -0.05505141699023016 0.5500000177895225 -0.001458764454265661
v -0.055051536981616064 -0.13749998221046722 -0.001458764454265661
v -0.05931390674062071 0.5500000185334672 -0.006029725089385478
v -0.059314026732006614 -0.13749998146652243 -0.006029725089385478
vt 0.390625 0.171875
vt 0.390625 0.171875
vt 0.390625 0.171875
vt 0.390625 0.171875
vt 0.21875 0.171875
vt 0.390625 0.171875
vt 0.390625 0.171875
vt 0.21875 0.171875
vt 0.5625 0.171875
vt 0.5625 0.171875
vt 0.5625 0.171875
vt 0.5625 0.171875
vt 0.390625 0.171875
vt 0.5625 0.171875
vt 0.5625 0.171875
vt 0.390625 0.171875
vt 0.390625 0.171875
vt 0.390625 0.171875
vt 0.390625 0.34375
vt 0.390625 0.34375
vt 0.390625 0.34375
vt 0.390625 0.34375
vt 0.390625 0.171875
vt 0.390625 0.171875
vn 1.7453292501886365e-7 0.9999999999999848 -1.5196619430178378e-16
vn 0.7313537016191595 -1.2764530071356618e-7 -0.6819983600624984
vn -1.7453292501886365e-7 -0.9999999999999848 1.5196619430178378e-16
vn -0.7313537016191595 1.2764530071356618e-7 0.6819983600624984
vn 0.6819983600624879 -1.1903116858997886e-7 0.7313537016191706
vn -0.6819983600624879 1.1903116858997886e-7 -0.7313537016191706
usemtl m_b442a5e2-c91b-8ef8-ce2a-5f0c1e7c2379
f 164/484/121 167/483/121 165/482/121 162/481/121
f 163/488/122 164/487/122 162/486/122 161/485/122
f 168/492/123 163/491/123 161/490/123 166/489/123
f 167/496/124 168/495/124 166/494/124 165/493/124
f 166/500/125 161/499/125 162/498/125 165/497/125
f 167/504/126 164/503/126 163/502/126 168/501/126
o bone14
v -0.04148740141528605 -0.1374999845778555 -0.009852586681362945
v -0.041487281423900145 0.5500000154221341 -0.009852586681362945
v -0.043676197548157686 -0.13749998419583853 -0.01570678786416543
v -0.04367607755677178 0.550000015804151 -0.01570678786416543
v -0.05026858319810374 0.5500000169547604 -0.0065693924820554375
v -0.050268703189489644 -0.13749998304522926 -0.0065693924820554375
v -0.05245737933097538 0.5500000173367774 -0.012423593664857922
v -0.05245749932236128 -0.13749998266321228 -0.012423593664857922
vt 0.40625 0.15625
vt 0.40625 0.15625
vt 0.40625 0.15625
vt 0.40625 0.15625
vt 0.234375 0.15625
vt 0.40625 0.15625
vt 0.40625 0.15625
vt 0.234375 0.15625
vt 0.578125 0.15625
vt 0.578125 0.15625
vt 0.578125 0.15625
vt 0.578125 0.15625
vt 0.40625 0.15625
vt 0.578125 0.15625
vt 0.578125 0.15625
vt 0.40625 0.15625
vt 0.40625 0.15625
vt 0.40625 0.15625
vt 0.40625 0.328125
vt 0.40625 0.328125
vt 0.40625 0.328125
vt 0.40625 0.328125
vt 0.40625 0.15625
vt 0.40625 0.15625
vn 1.7453292501886367e-7 0.9999999999999849 -1.5196620091922873e-16
vn 0.9366721892483834 -1.6348013690495287e-7 -0.3502073812594676
vn -1.7453292501886367e-7 -0.9999999999999849 1.5196620091922873e-16
vn -0.9366721892483834 1.6348013690495287e-7 0.3502073812594676
vn 0.3502073812594622 -6.112271858884032e-8 0.9366721892483978
vn -0.3502073812594622 6.112271858884032e-8 -0.9366721892483978
usemtl m_b442a5e2-c91b-8ef8-ce2a-5f0c1e7c2379
f 172/508/127 175/507/127 173/506/127 170/505/127
f 171/512/128 172/511/128 170/510/128 169/509/128
f 176/516/129 171/515/129 169/514/129 174/513/129
f 175/520/130 176/519/130 174/518/130 173/517/130
f 174/524/131 169/523/131 170/522/131 173/521/131
f 175/528/132 172/527/132 171/526/132 176/525/132
o bone14
v 0.04351411244474555 -0.1374999994134184 -0.01266203514698917
v 0.04351423243613145 0.5500000005865713 -0.01266203514698917
v 0.04092227967814409 -0.13749999896105825 -0.006974777204010768
v 0.04092239966952999 0.5500000010389314 -0.006974777204010768
v 0.052045119350598905 0.5499999990976506 -0.008774285997086927
v 0.052044999359213 -0.13750000090233905 -0.008774285997086927
v 0.04945328658399745 0.5499999995500108 -0.0030870280541085253
v 0.04945316659261154 -0.1375000004499789 -0.0030870280541085253
vt 0.421875 0.140625
vt 0.421875 0.140625
vt 0.421875 0.140625
vt 0.421875 0.140625
vt 0.25 0.140625
vt 0.421875 0.140625
vt 0.421875 0.140625
vt 0.25 0.140625
vt 0.59375 0.140625
vt 0.59375 0.140625
vt 0.59375 0.140625
vt 0.59375 0.140625
vt 0.421875 0.140625
vt 0.59375 0.140625
vt 0.59375 0.140625
vt 0.421875 0.140625
vt 0.421875 0.140625
vt 0.421875 0.140625
vt 0.421875 0.3125
vt 0.421875 0.3125
vt 0.421875 0.3125
vt 0.421875 0.3125
vt 0.421875 0.140625
vt 0.421875 0.140625
vn 1.745329250188637e-7 0.9999999999999849 -1.5196620753667363e-16
vn -0.9099612708765293 1.588182021935234e-7 -0.4146932426562392
vn -1.745329250188637e-7 -0.9999999999999849 1.5196620753667363e-16
vn 0.9099612708765293 -1.588182021935234e-7 0.4146932426562392
vn 0.4146932426562329 -7.237762459607138e-8 -0.9099612708765432
vn -0.4146932426562329 7.237762459607138e-8 0.9099612708765432
usemtl m_b442a5e2-c91b-8ef8-ce2a-5f0c1e7c2379
f 180/532/133 183/531/133 181/530/133 178/529/133
f 179/536/134 180/535/134 178/534/134 177/533/134
f 184/540/135 179/539/135 177/538/135 182/537/135
f 183/544/136 184/543/136 182/542/136 181/541/136
f 182/548/137 177/547/137 178/546/137 181/545/137
f 183/552/138 180/551/138 179/550/138 184/549/138
o bone14
v 0.05204507626170213 -0.13750000090235237 -0.008774146342562544
v 0.05204519625308803 0.5499999990976372 -0.008774146342562544
v 0.047474115626582374 -0.1375000001045693 -0.004511656592171925
v 0.04747423561796828 0.5499999998954204 -0.004511656592171925
v 0.058438930878673856 0.5499999979817201 -0.0019177053898828261
v 0.05843881088728795 -0.13750000201826962 -0.0019177053898828261
v 0.0538679702435541 0.5499999987795032 0.002344784360507793
v 0.0538678502521682 -0.13750000122048645 0.002344784360507793
vt 0.4375 0.125
vt 0.4375 0.125
vt 0.4375 0.125
vt 0.4375 0.125
vt 0.265625 0.125
vt 0.4375 0.125
vt 0.4375 0.125
vt 0.265625 0.125
vt 0.609375 0.125
vt 0.609375 0.125
vt 0.609375 0.125
vt 0.609375 0.125
vt 0.4375 0.125
vt 0.609375 0.125
vt 0.609375 0.125
vt 0.4375 0.125
vt 0.4375 0.125
vt 0.4375 0.125
vt 0.4375 0.296875
vt 0.4375 0.296875
vt 0.4375 0.296875
vt 0.4375 0.296875
vt 0.4375 0.125
vt 0.4375 0.125
vn 1.7453292501886365e-7 0.9999999999999848 -1.5196618106689397e-16
vn -0.681998360062488 1.1903116858997889e-7 -0.7313537016191705
vn -1.7453292501886365e-7 -0.9999999999999848 1.5196618106689397e-16
vn 0.681998360062488 -1.1903116858997889e-7 0.7313537016191705
vn 0.7313537016191594 -1.2764530071356616e-7 -0.6819983600624985
